510
9 1800 263
11
328 325 337 816 812 308 305 314 302 299 317
7 1800 264
16
312 309 321 325 337 816 396 372 354 347 357 377 635 687 852 853
4 1800 264
15
309 323 331 341 808 802 799 680 683 817 827 822 760 752 454
3 1800 264
8
321 325 337 816 812 308 305 314
7 1800 264
4
322 323 331 341
10 1800 263
10
329 339 390 391 394 372 304 294 288 289
8 1800 264
19
335 339 783 785 789 674 630 606 596 601 621 645 841 104 105 36 37 183 895
3 1800 264
15
339 390 362 350 351 367 397 526 529 434 418 406 407 421 437
5 1800 264
10
345 784 390 362 350 351 367 397 526 529
5 1800 264
4
801 798 795 700
9 1800 263
7
802 676 630 631 628 625 669
10 1800 263
9
792 793 698 382 377 635 687 852 853
1 1800 265
14
683 817 827 822 823 880 874 872 724 102 99 772 284 46
10 1800 263
8
750 454 450 446 188 182 172 168
8 1800 264
4
684 634 606 607
10 1800 263
10
818 684 679 800 801 798 795 700 382 379
1 1800 265
8
854 851 859 846 838 722 723 726
9 1800 263
12
870 867 860 688 636 378 381 697 794 786 346 334
8 1800 264
13
751 759 823 880 874 872 724 102 99 772 284 46 42
9 1800 263
14
759 821 828 818 684 679 800 801 807 342 332 324 321 327
10 1800 263
10
748 720 717 96 68 56 61 34 12 9
1 1800 265
5
823 880 874 872 724
9 1800 263
11
828 818 684 634 606 596 601 619 657 588 574
5 1800 264
12
820 748 720 717 96 68 56 59 73 107 180 172
10 1800 263
4
450 446 188 182
6 1800 264
4
290 291 299 317
4 1800 264
11
361 389 340 330 331 341 808 802 799 680 683
5 1800 264
7
387 794 791 808 802 799 680
8 1800 264
14
362 350 351 367 397 526 529 434 418 406 409 228 202 199
0 1800 265
22
372 354 351 369 373 665 638 610 598 601 621 645 841 104 105 36 12 2 5 21 51 148
5 1800 264
7
340 330 331 341 808 802 799
1 1800 265
7
386 360 355 375 552 544 532
6 1800 264
4
787 338 326 322
7 1800 264
3
396 372 354
10 1800 263
4
816 812 308 294
4 1800 264
8
630 606 596 601 621 645 843 883
8 1800 264
16
382 383 638 610 598 601 621 645 841 104 105 36 12 2 5 21
1 1800 265
19
793 698 382 379 663 689 701 484 464 456 459 238 206 194 195 215 251 727 866
9 1800 263
3
674 630 606
1 1800 265
7
700 382 379 663 691 705 735
3 1800 264
13
698 382 383 638 610 598 601 621 645 841 772 284 46
7 1800 264
6
631 628 625 669 837 845
1 1800 265
11
628 616 613 645 841 104 105 36 37 183 895
2 1800 265
10
805 700 382 358 348 353 304 294 288 289
5 1800 264
16
829 833 874 746 720 717 96 68 56 61 34 12 2 5 21 51
5 1800 264
9
851 688 636 378 358 348 353 371 395
10 1800 263
12
867 860 688 636 378 358 348 353 304 294 288 289
5 1800 264
4
745 873 834 830
7 1800 264
13
833 874 746 720 717 96 68 56 61 34 37 183 893
7 1800 264
12
726 96 68 56 61 34 37 176 136 124 116 119
10 1800 263
6
746 720 717 96 68 56
8 1800 264
10
834 830 668 626 604 607 378 381 697 388
9 1800 263
25
89 717 725 724 721 670 648 651 646 622 623 580 564 560 520 521 244 212 196 191 199 225 743 444 441
1 1800 265
19
74 60 57 69 97 650 651 646 622 623 641 694 691 660 400 401 548 549 555
7 1800 264
7
725 724 721 837 845 868 869
7 1800 264
12
171 179 108 74 60 55 67 95 718 719 745 873
2 1800 265
3
181 187 445
10 1800 263
4
108 74 77 85
8 1800 264
16
189 451 84 64 67 93 721 670 648 651 646 622 623 580 581 732
1 1800 265
9
447 451 84 78 75 113 30 24 21
0 1800 265
15
451 84 64 67 93 721 670 648 651 646 622 623 580 581 732
2 1800 265
6
452 190 182 172 168 169
7 1800 264
21
894 184 38 33 62 55 67 95 718 719 747 758 759 821 828 818 684 679 800 801 807
4 1800 264
4
287 293 303 371
4 1800 264
11
293 303 354 347 357 377 608 603 625 667 829
9 1800 263
17
301 313 366 369 373 380 381 699 796 797 802 799 680 683 817 827 822
8 1800 264
14
313 366 369 373 665 638 610 598 601 621 645 843 876 877
3 1800 264
19
319 662 402 399 659 692 693 642 624 621 645 652 647 669 722 723 726 718 90
6 1800 264
18
662 402 399 659 692 664 380 381 699 796 797 802 799 680 683 817 827 822
10 1800 263
5
305 314 302 299 317
4 1800 264
3
349 361 391
0 1800 265
11
357 377 608 603 625 669 722 723 726 718 90
4 1800 264
4
352 353 304 294
2 1800 265
18
354 351 369 373 665 638 610 598 601 621 645 841 104 105 36 12 2 5
6 1800 264
7
370 352 353 304 294 288 289
5 1800 264
4
306 294 288 289
2 1800 265
16
397 535 544 545 488 464 456 459 238 206 194 195 215 251 727 866
1 1800 265
9
548 538 528 523 490 466 467 495 516
2 1800 265
4
692 693 642 624
1 1800 265
12
308 303 354 351 369 373 663 689 701 484 464 456
3 1800 264
20
814 308 303 354 351 369 373 663 689 701 484 485 739 576 516 513 561 569 593 282
8 1800 264
14
383 638 610 598 601 621 645 841 104 105 36 37 176 166
9 1800 263
8
608 596 601 621 645 841 772 284
4 1800 264
5
637 695 707 704 701
1 1800 265
8
380 381 699 796 797 802 799 680
10 1800 263
15
691 705 735 492 474 469 497 432 232 229 743 444 441 440 437
0 1800 265
9
666 374 370 352 353 304 294 288 289
4 1800 264
5
690 664 380 381 699
7 1800 264
3
642 580 583
8 1800 264
15
731 582 583 658 653 882 876 776 773 36 37 176 136 137 134
3 1800 264
8
737 576 516 512 509 246 212 213
6 1800 264
9
564 560 561 569 593 767 280 277 866
7 1800 264
10
601 621 643 885 780 770 767 280 277 866
4 1800 264
8
596 601 623 641 694 691 660 552
10 1800 263
8
598 601 621 645 841 772 284 46
2 1800 265
5
615 625 667 829 833
3 1800 264
5
602 595 605 629 675
2 1800 265
5
625 669 837 845 868
0 1800 265
8
624 621 645 652 647 667 829 835
5 1800 264
7
622 602 597 609 637 384 381
5 1800 264
12
651 646 622 623 580 564 560 520 521 244 210 207
2 1800 265
7
653 882 876 776 284 46 42
9 1800 263
5
626 604 607 378 381
0 1800 265
14
687 859 846 838 670 648 651 646 622 623 580 564 560 520
0 1800 265
13
640 637 666 374 370 352 353 371 395 815 338 326 327
2 1800 265
8
804 805 700 382 379 663 689 701
0 1800 265
8
841 104 105 36 12 2 5 21
4 1800 264
8
838 722 102 99 772 775 877 891
3 1800 264
6
857 840 98 101 723 726
7 1800 264
8
840 650 618 615 627 632 629 675
5 1800 264
9
846 838 722 102 99 772 284 46 42
3 1800 264
8
844 652 647 669 722 723 871 746
1 1800 265
15
644 622 602 597 609 637 666 374 370 352 353 304 294 288 289
0 1800 265
14
658 653 882 876 776 773 36 12 2 5 21 51 48 49
6 1800 264
8
70 58 61 34 12 2 5 21
5 1800 264
3
721 670 626
0 1800 265
8
771 100 101 723 726 718 90 91
0 1800 265
15
670 626 627 632 629 673 790 786 784 340 336 326 322 310 311
9 1800 263
8
650 618 615 627 632 629 673 790
5 1800 264
15
836 833 874 746 720 717 96 68 56 61 34 37 176 136 124
3 1800 264
4
35 774 775 877
10 1800 263
8
61 34 12 2 5 21 51 148
2 1800 265
7
67 93 102 99 772 775 877
1 1800 265
5
58 59 73 107 180
7 1800 264
8
75 113 30 24 21 51 48 49
5 1800 264
3
34 37 176
6 1800 264
13
64 67 93 721 670 626 627 632 629 673 790 786 346
0 1800 265
5
68 56 59 75 111
10 1800 263
13
103 842 646 622 623 641 694 691 705 735 492 474 469
1 1800 265
8
113 176 136 124 116 119 131 151
3 1800 264
12
774 775 875 881 654 657 584 581 737 740 486 487
8 1800 264
6
169 173 112 113 183 893
9 1800 263
6
160 153 163 144 128 125
4 1800 264
11
112 82 79 103 842 646 622 602 597 609 637
9 1800 263
4
159 173 112 113
10 1800 263
3
136 137 134
6 1800 264
7
184 114 76 77 83 452 190
9 1800 263
4
896 184 176 136
1 1800 265
13
550 547 402 399 659 692 693 642 580 583 658 653 882
4 1800 264
11
556 550 547 402 399 659 692 664 380 381 697
3 1800 264
5
469 497 432 232 202
7 1800 264
10
489 524 525 398 368 352 353 371 395 815
1 1800 265
20
501 531 543 551 659 692 664 380 381 699 796 797 802 799 680 683 817 827 822 760
4 1800 264
14
525 398 399 659 692 664 380 381 699 796 797 802 799 680
3 1800 264
11
531 543 551 659 692 664 380 377 635 687 852
2 1800 265
4
398 368 352 353
8 1800 264
15
537 547 402 399 659 692 664 380 381 699 796 797 802 799 809
1 1800 265
15
504 501 531 543 551 659 692 693 642 624 621 645 652 649 98
10 1800 263
9
538 528 529 434 418 406 409 228 229
1 1800 265
4
536 533 549 555
7 1800 264
13
735 492 474 469 497 432 232 229 743 444 441 440 437
6 1800 264
12
488 464 456 459 238 206 194 195 215 251 727 270
8 1800 264
6
457 473 489 524 527 539
8 1800 264
18
467 493 739 738 582 579 624 621 645 652 647 669 722 723 726 718 90 91
10 1800 263
6
462 459 238 206 194 195
5 1800 264
13
485 739 738 582 579 624 621 645 652 647 667 829 833
5 1800 264
5
468 456 457 471 503
7 1800 264
6
515 575 738 582 583 658
0 1800 265
8
496 468 465 489 524 527 539 555
10 1800 263
8
729 735 492 474 469 497 432 232
1 1800 265
3
486 487 546
9 1800 263
13
738 582 579 624 621 645 652 649 98 70 58 59 73
7 1800 264
14
514 515 575 740 486 483 702 690 664 374 370 352 353 304
10 1800 263
15
563 579 624 621 645 652 647 669 722 94 68 63 83 452 190
5 1800 264
5
569 593 767 280 277
0 1800 265
14
568 565 496 468 465 489 524 527 539 557 316 298 288 289
2 1800 265
6
570 562 520 508 509 240
6 1800 264
11
769 779 888 884 844 652 647 669 722 723 726
8 1800 264
6
779 886 644 622 602 595
2 1800 265
17
710 711 857 840 98 70 58 61 34 37 176 136 124 116 119 131 151
10 1800 263
8
856 712 640 637 384 381 699 806
5 1800 264
8
884 844 646 622 602 595 605 629
9 1800 263
10
780 777 586 574 562 520 508 509 240 241
5 1800 264
9
778 286 26 18 4 5 21 53 122
3 1800 264
8
43 281 594 570 562 520 521 250
3 1800 264
13
285 777 586 568 565 496 468 465 489 524 527 537 547
5 1800 264
8
878 875 844 652 647 667 829 835
7 1800 264
15
892 890 887 780 777 586 568 565 496 468 465 489 524 527 539
7 1800 264
6
5 21 53 122 116 119
3 1800 264
10
11 35 106 103 842 646 622 623 641 694
5 1800 264
7
17 27 106 80 62 55 65
2 1800 265
4
21 53 122 116
6 1800 264
6
29 114 76 77 85 91
6 1800 264
6
22 6 3 15 43 272
8 1800 264
13
115 121 54 22 6 3 15 43 272 264 265 277 866
1 1800 265
3
123 135 162
9 1800 263
4
118 115 121 54
1 1800 265
6
54 22 6 3 17 25
7 1800 264
4
137 134 54 51
4 1800 264
14
141 140 137 32 10 7 25 285 777 586 568 565 496 468
7 1800 264
23
164 165 175 38 35 106 103 842 646 622 602 597 609 637 666 374 370 352 353 304 294 288 289
9 1800 263
17
140 137 32 10 7 25 285 777 586 574 562 520 521 250 248 222 219
3 1800 264
14
32 10 7 25 285 777 586 574 562 520 508 509 240 241
4 1800 264
11
227 410 405 417 433 530 525 398 368 352 349
9 1800 263
4
407 423 441 764
6 1800 264
6
413 429 500 470 473 491
10 1800 263
7
417 433 504 501 531 543 551
9 1800 263
12
410 405 417 433 530 527 539 557 316 298 288 289
9 1800 263
7
429 506 501 524 527 539 555
0 1800 265
21
236 208 209 243 522 519 559 563 579 624 621 645 652 647 669 722 723 726 718 90 91
6 1800 264
9
433 504 472 458 461 479 513 561 569
7 1800 264
5
420 406 409 228 229
6 1800 264
10
476 477 507 519 561 569 593 282 44 16
7 1800 264
15
498 470 473 491 736 706 692 693 642 624 621 645 652 649 98
1 1800 265
20
506 501 531 543 551 659 692 664 380 381 699 796 797 802 799 680 683 817 827 822
4 1800 264
7
436 433 530 525 398 368 352
1 1800 265
7
195 211 243 522 519 561 571
6 1800 264
20
201 227 410 405 417 433 530 525 398 368 352 353 371 395 815 338 326 322 310 311
7 1800 264
7
207 204 199 225 743 444 424
7 1800 264
16
211 243 522 519 559 563 579 624 621 645 652 647 669 722 723 726
2 1800 265
7
233 242 239 510 511 515 575
6 1800 264
20
237 460 455 463 483 702 690 664 374 370 352 353 371 395 815 338 326 322 310 311
9 1800 263
9
243 522 519 559 563 579 624 602 595
10 1800 263
3
475 499 430
5 1800 264
9
509 240 241 234 204 199 223 741 766
2 1800 265
9
240 241 234 204 199 225 743 444 441
7 1800 264
6
234 235 416 404 405 419
7 1800 264
16
249 522 519 561 569 593 282 44 16 4 5 21 53 122 116 119
8 1800 264
11
263 271 44 45 26 8 9 31 138 139 142
4 1800 264
6
269 728 252 216 211 245
4 1800 264
14
273 768 594 570 562 514 515 575 740 486 483 702 690 664
1 1800 265
9
279 768 769 779 886 644 614 615 627
4 1800 264
3
521 244 210
5 1800 264
4
250 251 727 866
10 1800 263
9
572 569 593 282 44 16 4 5 21
5 1800 264
3
276 266 40
2 1800 265
15
716 590 591 778 779 888 884 844 652 647 669 722 723 726 718
10 1800 263
11
278 279 768 769 286 26 8 9 31 138 139
3 1800 264
13
768 594 570 562 514 515 496 468 465 489 524 527 539
3 1800 264
4
41 45 26 8
4 1800 264
3
120 115 123
10 1800 263
3
130 120 115
9 1800 263
10
438 422 408 405 417 433 530 527 539 555
7 1800 264
9
423 443 744 230 231 431 498 470 473
0 1800 265
20
443 744 226 200 192 195 211 243 522 519 561 569 593 282 44 16 4 5 21 51
9 1800 263
6
230 231 431 498 470 473
3 1800 264
3
763 440 437
2 1800 265
14
442 424 408 405 417 433 530 527 539 557 316 298 288 289
4 1800 264
10
781 444 424 408 405 417 433 530 527 539
0 1800 265
9
744 226 200 192 195 215 251 727 866
1 1800 265
8
219 259 741 781 444 441 440 437
8 1800 264
9
200 203 233 242 237 460 455 463 483
5 1800 264
4
247 251 727 866
0 1800 265
7
218 221 247 249 522 519 559
0 1800 265
6
220 221 247 251 727 866
7 1800 264
11
224 200 201 227 410 405 417 433 530 527 537
7 1800 264
11
256 218 198 193 205 239 510 511 515 575 738
7 1800 264
12
865 278 266 263 271 44 16 4 5 21 51 148
9 1800 263
8
47 52 22 6 3 17 25 285
2 1800 265
6
52 22 6 3 15 42
6 1800 264
7
132 126 127 143 164 154 159
9 1800 263
13
50 47 52 22 6 3 15 43 272 264 265 277 866
5 1800 264
6
152 132 120 115 121 54
1805 3600 617
18
328 325 337 816 396 364 350 347 357 383 695 707 733 739 576 566 567 574
1802 3600 618
12
312 309 321 325 337 816 812 308 305 314 315 320
1806 3600 617
10
309 321 325 337 816 812 308 294 288 289
1805 3600 617
16
323 333 345 785 789 674 630 631 628 616 613 643 882 876 776 773
1803 3600 618
13
322 323 331 341 808 802 799 680 683 817 827 822 760
1807 3600 616
9
331 341 808 802 799 809 756 750 454
1805 3600 617
11
335 330 331 341 808 802 799 680 683 817 825
1808 3600 616
20
339 783 785 789 674 630 631 628 616 617 649 98 70 71 80 81 111 174 160 153
1810 3600 615
10
344 341 808 802 799 809 756 750 454 92
1810 3600 615
12
799 809 756 750 454 450 446 188 182 172 168 156
1805 3600 617
15
802 799 809 756 750 454 92 86 78 75 113 30 24 21 51
1802 3600 618
12
792 793 698 382 379 663 691 705 735 492 474 469
1804 3600 617
9
634 631 628 616 613 643 882 876 776
1800 3600 619
11
753 817 827 831 833 874 872 724 102 70 71
1808 3600 616
12
809 756 750 454 92 86 78 75 113 30 24 21
1803 3600 618
10
756 750 454 92 86 78 75 113 183 893
1806 3600 617
11
672 628 616 613 643 882 876 776 284 46 42
1807 3600 616
15
818 684 679 800 801 807 792 793 388 360 355 370 365 314 302
1802 3600 618
8
854 851 688 636 378 381 699 806
1805 3600 617
14
870 867 860 688 636 378 358 355 370 365 314 302 292 289
1801 3600 618
11
749 755 810 800 801 807 342 332 324 310 311
1809 3600 616
5
759 823 880 874 872
1808 3600 616
10
758 759 821 828 818 684 679 800 801 807
1804 3600 617
5
821 828 818 672 632
1806 3600 617
7
831 833 874 872 724 102 99
1801 3600 618
19
880 834 830 668 626 616 613 643 654 657 584 564 560 520 521 250 216 196 191
1804 3600 617
4
92 86 78 73
1807 3600 616
5
449 453 749 755 810
1800 3600 619
13
290 287 293 303 354 347 357 377 608 603 616 617 651
1801 3600 618
14
350 347 357 377 608 603 616 613 643 882 876 776 284 46
1807 3600 616
14
360 357 377 608 603 625 669 722 94 68 63 83 452 190
1810 3600 615
16
362 350 347 355 375 552 544 532 502 505 430 414 404 407 421 437
1800 3600 619
4
372 304 305 314
1808 3600 616
9
390 391 394 372 304 305 314 315 320
1806 3600 617
5
785 789 674 630 631
1801 3600 618
17
392 362 350 347 357 383 695 707 733 494 482 462 459 238 206 209 212
1808 3600 616
9
396 393 392 389 783 346 344 341 808
1805 3600 617
7
816 812 308 305 314 315 558
1803 3600 618
8
673 790 786 346 334 324 310 311
1802 3600 618
7
382 379 663 691 705 735 492
1800 3600 619
16
793 388 360 355 375 552 544 532 502 505 430 414 404 407 421 437
1802 3600 618
7
674 630 631 628 625 669 722
1808 3600 616
11
700 382 379 663 691 660 552 544 532 502 503
1802 3600 618
4
698 382 383 695
1803 3600 618
6
671 817 827 831 833 874
1801 3600 618
8
805 700 382 377 635 687 852 853
1804 3600 617
3
826 827 822
1810 3600 615
15
851 859 846 838 722 94 68 63 78 75 113 30 24 21 51
1800 3600 619
7
867 846 838 670 626 627 671
1806 3600 617
9
717 96 68 63 78 75 113 183 893
1804 3600 617
11
720 717 96 68 63 78 73 107 180 172 168
1809 3600 616
10
833 874 872 724 102 70 71 105 28 8
1806 3600 617
7
724 721 837 845 860 852 853
1803 3600 618
11
746 720 717 96 68 63 78 75 113 183 893
1804 3600 617
7
874 872 724 721 837 845 868
1807 3600 616
18
89 717 725 724 721 670 626 604 607 378 358 355 370 365 314 302 292 289
1806 3600 617
3
74 60 55
1801 3600 618
6
725 724 721 670 626 627
1808 3600 616
7
168 156 153 163 144 128 125
1809 3600 616
11
179 108 74 75 82 79 105 28 18 15 42
1803 3600 618
4
180 181 187 445
1807 3600 616
15
189 451 84 64 67 93 721 670 626 604 607 378 358 348 349
1808 3600 616
6
447 451 84 64 67 95
1804 3600 617
12
451 84 64 67 93 721 670 626 627 632 629 673
1802 3600 618
4
84 78 75 111
1800 3600 619
13
894 184 38 33 62 57 69 97 650 618 600 595 607
1804 3600 617
18
287 293 303 354 347 357 377 608 603 616 617 649 98 70 71 80 81 111
1803 3600 618
7
293 303 354 347 357 377 608
1804 3600 617
20
301 313 366 369 373 665 638 610 598 599 617 649 98 70 71 80 81 113 183 893
1808 3600 616
8
300 301 313 366 369 356 357 377
1803 3600 618
8
316 313 306 307 811 396 393 392
1805 3600 617
7
305 366 367 397 535 544 545
1809 3600 616
5
351 365 314 302 292
1810 3600 615
4
355 375 552 544
1800 3600 619
7
369 356 359 387 794 789 674
1803 3600 618
7
354 347 357 383 695 707 731
1808 3600 616
4
356 359 387 794
1810 3600 615
13
366 369 356 359 387 794 791 808 802 799 809 756 750
1801 3600 618
17
399 659 692 689 703 731 582 583 658 653 882 876 776 773 36 37 176
1800 3600 619
8
376 356 357 377 608 603 625 667
1808 3600 616
10
705 730 484 485 739 576 566 567 574 571
1806 3600 617
11
308 305 366 367 397 526 529 434 418 406 407
1809 3600 616
20
814 308 303 354 347 357 377 608 603 616 617 649 98 70 71 80 81 111 174 160
1803 3600 618
3
381 697 794
1802 3600 618
9
608 603 616 613 643 882 876 776 284
1800 3600 619
8
610 611 580 564 560 520 521 250
1804 3600 617
11
665 695 707 733 739 576 566 567 585 778 286
1806 3600 617
8
693 642 624 602 599 615 625 669
1810 3600 615
3
384 358 348
1802 3600 618
17
703 731 582 583 658 653 644 614 617 649 98 101 723 726 718 90 91
1806 3600 617
10
694 691 660 552 544 532 502 503 434 435
1801 3600 618
14
731 582 583 658 653 644 614 617 649 98 101 723 871 746
1808 3600 616
8
732 708 694 691 660 400 401 661
1801 3600 618
9
581 732 704 701 729 554 544 532 502
1800 3600 619
5
599 617 649 98 101
1800 3600 619
3
603 625 667
1802 3600 618
12
598 599 617 649 98 70 71 80 81 113 176 136
1801 3600 618
9
617 649 98 101 94 68 63 83 452
1810 3600 615
3
602 595 607
1807 3600 616
12
616 613 643 882 876 776 773 28 8 9 24 21
1801 3600 618
7
624 602 599 615 625 667 829
1804 3600 617
5
614 600 595 607 378
1802 3600 618
11
649 98 70 71 80 81 113 176 136 137 134
1806 3600 617
12
653 644 614 617 649 98 101 723 726 718 90 91
1800 3600 619
6
648 649 98 70 71 80
1801 3600 618
14
636 378 379 663 691 660 552 544 532 502 503 434 418 419
1808 3600 616
10
711 857 840 650 618 613 643 654 657 588
1800 3600 619
8
804 678 630 631 671 817 827 831
1807 3600 616
3
843 876 877
1802 3600 618
10
845 860 688 636 378 358 359 385 784 340
1803 3600 618
7
857 840 650 618 600 595 605
1810 3600 615
9
859 846 838 722 102 99 772 284 46
1801 3600 618
3
848 845 868
1802 3600 618
5
846 838 670 626 627
1808 3600 616
6
844 652 647 667 829 833
1810 3600 615
10
644 614 617 649 98 101 94 68 63 83
1801 3600 618
13
584 581 732 708 696 666 374 370 365 314 302 292 289
1810 3600 615
3
70 71 105
1805 3600 617
7
771 100 101 723 871 873 834
1806 3600 617
8
722 94 68 63 78 75 111 174
1800 3600 619
14
650 618 600 597 609 637 666 374 370 365 314 302 292 289
1801 3600 618
8
842 646 614 600 595 605 629 675
1808 3600 616
3
776 284 46
1805 3600 617
7
836 830 668 626 604 607 378
1804 3600 617
19
35 774 775 875 881 654 657 584 581 732 704 701 729 554 544 532 502 505 430
1804 3600 617
10
57 69 97 650 618 613 622 623 641 694
1804 3600 617
3
56 61 79
1806 3600 617
6
71 80 81 113 183 893
1800 3600 619
4
60 55 67 95
1802 3600 618
16
79 103 842 843 881 654 657 584 564 560 520 521 250 216 196 191
1801 3600 618
4
78 75 111 174
1804 3600 617
7
103 842 843 881 654 655 592
1810 3600 615
5
82 79 105 774 775
1809 3600 616
6
176 166 163 144 128 125
1806 3600 617
5
106 80 81 111 174
1800 3600 619
5
169 173 112 113 183
1800 3600 619
6
173 112 113 30 24 6
1800 3600 619
4
112 113 183 893
1802 3600 618
22
165 175 38 33 62 57 69 97 650 618 600 597 609 637 666 374 370 365 314 302 292 289
1809 3600 616
18
175 38 33 62 57 69 97 650 618 600 595 607 378 358 348 349 361 391
1804 3600 617
7
896 184 114 76 77 83 452
1808 3600 616
22
550 534 535 553 730 702 703 731 582 583 658 653 644 614 617 649 98 101 94 68 63 83
1804 3600 617
24
556 550 534 535 553 730 702 703 731 582 583 658 653 644 614 617 649 98 101 723 726 718 90 87
1801 3600 618
7
469 497 432 236 204 199 223
1803 3600 618
4
491 488 485 739
1810 3600 615
6
503 541 318 300 292 289
1804 3600 617
7
527 539 557 320 300 292 289
1804 3600 617
19
490 491 736 730 702 703 731 582 583 658 653 644 614 615 625 667 829 833 879
1803 3600 618
3
535 551 376
1804 3600 617
5
541 318 300 292 289
1801 3600 618
6
543 551 376 356 359 385
1800 3600 619
8
544 532 502 505 430 414 415 236
1810 3600 615
11
730 484 485 739 576 566 567 585 778 779 888
1810 3600 615
6
736 554 536 533 549 555
1809 3600 616
18
461 481 493 734 708 696 384 358 348 349 363 395 815 338 326 322 310 311
1810 3600 615
9
463 487 736 706 660 376 356 359 385
1810 3600 615
5
462 457 471 503 541
1807 3600 616
3
487 546 532
1806 3600 617
8
495 566 567 585 778 286 46 42
1803 3600 618
7
480 462 457 471 503 541 556
1808 3600 616
10
516 512 509 240 241 234 204 199 223 741
1802 3600 618
10
702 703 731 582 583 658 653 882 876 776
1807 3600 616
3
734 708 696
1800 3600 619
6
576 566 567 585 592 589
1800 3600 619
12
281 594 589 715 252 216 196 191 199 225 743 444
1801 3600 618
6
559 567 585 778 286 46
1808 3600 616
11
563 583 658 653 644 614 615 625 667 829 835
1807 3600 616
10
573 587 658 620 602 595 605 631 671 817
1810 3600 615
9
568 565 575 740 734 708 696 666 374
1802 3600 618
8
570 562 514 480 462 457 471 501
1805 3600 617
4
594 570 562 514
1808 3600 616
9
779 886 644 614 615 627 671 754 755
1801 3600 618
8
710 640 637 384 381 699 806 803
1806 3600 617
10
856 712 640 637 695 707 733 494 482 462
1808 3600 616
7
887 780 770 767 280 277 866
1800 3600 619
8
780 770 594 589 578 244 210 207
1808 3600 616
4
592 589 276 277
1808 3600 616
6
16 4 5 21 51 148
1805 3600 617
4
283 771 100 97
1801 3600 618
6
890 887 780 286 46 42
1810 3600 615
12
892 878 875 881 654 620 602 595 607 378 381 699
1809 3600 616
7
1 11 33 62 55 65 91
1804 3600 617
3
9 24 21
1806 3600 617
3
4 5 21
1807 3600 616
7
23 29 38 35 774 775 877
1806 3600 617
6
8 9 31 138 135 166
1800 3600 619
13
29 38 33 62 57 69 101 721 837 845 860 852 853
1805 3600 617
12
22 23 29 114 76 77 85 91 453 751 759 821
1804 3600 617
9
115 123 135 162 155 167 171 179 108
1802 3600 618
7
123 135 162 155 167 171 181
1810 3600 615
3
125 131 151
1803 3600 618
17
54 22 6 3 15 43 281 594 570 562 514 480 462 457 471 503 434
1808 3600 616
5
143 164 165 175 183
1809 3600 616
3
164 154 155
1809 3600 616
6
178 164 165 175 183 893
1806 3600 617
20
32 10 7 25 285 770 594 589 715 252 216 196 191 199 225 743 444 441 440 437
1806 3600 617
16
231 431 498 470 458 461 481 493 734 708 696 384 381 697 794 791
1807 3600 616
4
409 228 202 192
1810 3600 615
15
413 429 506 503 530 525 398 368 365 306 307 811 815 338 326
1807 3600 616
5
406 409 228 202 192
1804 3600 617
9
412 415 236 208 209 243 522 519 559
1805 3600 617
19
429 506 501 490 491 736 730 702 703 731 582 583 658 653 644 614 615 625 669
1800 3600 619
21
236 208 209 243 522 519 559 563 583 658 653 644 614 617 649 98 101 723 726 718 90
1806 3600 617
4
433 530 525 535
1807 3600 616
17
420 417 433 530 525 398 368 365 306 307 811 815 338 326 322 310 311
1805 3600 617
12
470 458 461 481 493 734 708 696 638 639 711 857
1800 3600 619
11
498 470 458 461 481 493 739 738 582 583 658
1809 3600 616
8
500 476 238 206 194 197 217 255
1803 3600 618
14
436 433 530 525 398 368 365 306 307 811 815 338 326 327
1806 3600 617
15
193 209 243 522 519 559 563 583 658 653 644 614 617 649 98
1807 3600 616
17
203 208 209 243 522 519 559 563 583 658 620 602 595 605 631 671 817
1800 3600 619
10
209 243 577 713 710 686 687 859 868 869
1801 3600 618
4
215 251 727 866
1800 3600 619
13
233 242 237 460 461 481 493 734 708 696 384 381 699
1805 3600 617
14
239 510 507 519 559 563 583 658 653 644 614 615 625 669
1800 3600 619
6
243 577 276 266 263 271
1806 3600 617
18
460 461 481 493 739 738 582 583 658 653 882 876 776 773 106 80 81 111
1804 3600 617
9
478 460 457 471 503 541 318 300 301
1808 3600 616
15
240 237 460 461 481 493 734 708 696 384 358 348 349 361 391
1802 3600 618
20
518 498 470 473 491 736 706 660 376 356 348 349 363 395 815 338 326 322 310 311
1809 3600 616
7
216 211 245 510 511 515 575
1803 3600 618
17
263 273 768 769 779 886 644 614 617 649 98 101 723 726 718 90 91
1806 3600 617
4
269 728 716 713
1806 3600 617
8
271 44 16 4 5 21 51 148
1809 3600 616
4
275 578 244 210
1802 3600 618
5
521 577 276 277 866
1806 3600 617
16
522 519 559 563 583 658 653 644 614 617 649 98 70 58 59 73
1810 3600 615
12
572 573 587 658 653 644 614 617 649 98 101 723
1800 3600 619
13
578 244 210 205 237 460 461 481 493 734 708 696 384
1805 3600 617
10
252 216 196 191 199 225 743 444 441 440
1808 3600 616
13
278 279 768 769 779 886 644 614 615 625 667 829 835
1810 3600 615
11
768 769 779 886 644 614 615 625 667 829 833
1809 3600 616
3
41 16 4
1804 3600 617
7
126 127 143 164 154 155 167
1801 3600 618
15
147 52 22 23 29 38 33 62 57 69 97 839 858 712 709
1804 3600 617
3
438 439 764
1801 3600 618
21
423 443 744 226 200 203 208 209 243 522 519 559 563 583 658 653 644 614 617 649 98
1802 3600 618
22
439 442 443 744 226 200 203 208 209 243 522 519 559 563 583 658 620 602 595 605 633 681
1808 3600 616
8
426 412 413 429 506 503 541 556
1808 3600 616
5
743 444 441 440 437
1810 3600 615
12
763 442 426 412 413 429 506 503 541 318 300 292
1805 3600 617
18
442 443 744 230 231 431 498 470 458 461 481 493 734 708 696 384 381 699
1807 3600 616
9
744 226 200 192 195 215 251 727 866
1801 3600 618
16
221 247 249 577 590 591 778 286 26 8 9 31 134 122 116 119
1807 3600 616
10
200 203 235 431 498 470 473 491 736 706
1808 3600 616
5
247 249 577 713 849
1801 3600 618
8
218 198 193 205 239 510 511 515
1803 3600 618
6
220 221 247 251 727 866
1802 3600 618
16
224 200 203 233 242 237 460 461 481 493 734 708 696 384 381 697
1810 3600 615
3
761 765 781
1804 3600 617
12
256 218 198 193 205 237 460 457 471 503 541 556
1809 3600 616
5
862 856 857 840 98
1804 3600 617
8
47 52 53 133 138 135 162 159
1807 3600 616
13
52 22 6 3 15 43 281 594 589 578 244 210 207
1805 3600 617
21
132 120 115 121 54 22 6 3 15 43 281 594 570 562 514 480 462 457 471 503 541
1801 3600 618
7
50 47 52 22 23 29 183
1802 3600 618
10
152 132 126 127 143 164 165 175 183 893
