507
1481 1800 47
14
328 325 337 816 396 372 354 347 357 377 635 687 859 846
1324 1800 70
27
312 309 323 331 341 808 802 799 680 683 817 827 822 760 752 454 450 446 188 182 172 168 156 153 163 144 128
359 1800 212
12
309 321 325 337 816 812 308 305 314 302 299 317
1253 1800 80
10
325 337 816 396 372 354 351 369 373 663
327 1800 217
3
324 321 327
119 1800 247
5
337 816 812 308 294
657 1800 168
12
330 331 341 808 802 799 680 683 817 827 822 823
609 1800 175
13
343 345 386 360 355 375 552 544 532 502 505 430 414
269 1800 225
4
344 341 808 802
1550 1800 36
10
801 807 342 332 329 339 390 391 394 395
899 1800 132
3
807 342 343
293 1800 222
13
792 793 698 382 379 663 689 701 484 464 456 459 238
1301 1800 73
6
753 817 827 822 823 880
236 1800 230
8
680 683 817 827 822 823 880 874
627 1800 172
10
682 683 817 827 822 760 757 748 720 717
796 1800 147
6
684 679 800 801 807 342
566 1800 181
8
825 668 648 651 843 876 877 891
232 1800 231
15
854 851 859 846 838 722 94 68 56 59 73 107 180 172 168
258 1800 227
10
870 867 860 688 636 378 381 699 796 797
995 1800 118
20
751 759 821 828 818 684 679 800 801 798 795 700 382 379 663 691 660 400 397 526
245 1800 229
7
759 821 828 818 684 679 800
415 1800 204
10
819 880 874 872 724 102 99 772 284 46
1043 1800 111
13
821 828 818 684 634 606 596 601 623 580 564 560 520
1140 1800 97
14
822 760 752 454 450 446 188 182 172 168 156 153 163 144
171 1800 240
14
880 834 830 668 648 651 843 883 887 780 777 592 589 715
1209 1800 87
3
92 89 717
439 1800 200
12
449 453 751 759 821 828 818 684 679 800 676 677
1161 1800 94
14
290 287 297 315 558 540 528 529 434 418 406 407 421 437
673 1800 166
13
350 347 357 377 608 603 625 669 722 723 726 718 90
629 1800 172
11
387 698 382 377 608 603 625 669 722 723 726
543 1800 185
9
389 340 330 331 341 808 802 799 680
925 1800 128
13
372 354 351 369 373 663 689 701 484 464 456 459 477
1436 1800 53
6
783 785 789 674 630 631
711 1800 160
10
346 344 341 808 802 799 680 683 817 827
449 1800 199
23
392 362 350 351 369 373 665 638 610 598 601 621 645 841 104 105 36 37 176 136 124 116 119
189 1800 237
11
396 372 354 347 357 377 608 603 625 669 722
561 1800 182
12
788 392 389 340 330 331 341 808 802 799 809 756
1137 1800 97
10
630 606 596 601 621 645 843 876 877 891
978 1800 121
9
697 794 786 784 340 336 326 322 310
1316 1800 71
4
786 784 390 362
51 1800 257
3
674 630 631
414 1800 204
4
796 674 630 631
1523 1800 40
7
794 791 808 802 799 809 756
138 1800 244
8
633 683 817 827 822 760 757 748
289 1800 222
4
632 629 673 795
791 1800 148
12
678 675 799 680 683 817 827 822 760 752 454 450
725 1800 158
14
829 833 874 746 720 717 96 68 56 61 34 37 183 893
1295 1800 74
9
851 688 636 378 358 348 349 361 391
873 1800 136
10
867 846 838 722 102 99 772 284 46 42
474 1800 195
12
717 725 724 721 670 626 604 607 378 358 348 349
234 1800 230
16
745 872 724 721 670 626 604 607 378 358 348 353 304 294 288 289
1580 1800 32
9
830 668 648 651 843 881 654 657 588
208 1800 234
10
724 721 670 648 651 843 883 887 780 770
92 1800 251
4
746 720 90 87
253 1800 228
8
874 872 724 102 99 772 775 877
1285 1800 75
13
89 717 725 724 721 670 626 604 607 378 358 348 353
1268 1800 78
18
74 60 57 69 97 650 651 646 622 623 641 694 691 660 400 401 661 320
510 1800 190
7
96 68 56 61 79 105 28
434 1800 201
4
168 156 153 163
201 1800 235
8
179 108 74 60 57 69 99 772
164 1800 241
7
108 74 75 113 30 24 21
996 1800 118
5
187 445 449 453 751
271 1800 225
5
188 182 172 168 169
434 1800 201
9
84 64 67 95 718 719 747 758 759
428 1800 202
4
894 184 176 166
365 1800 211
13
287 293 303 354 347 357 377 608 603 625 667 829 833
1344 1800 67
4
293 303 354 347
287 1800 223
8
299 317 556 540 528 523 502 505
201 1800 235
8
315 558 540 528 523 502 505 500
1358 1800 65
5
319 662 402 399 659
326 1800 217
19
558 540 528 523 490 466 467 495 516 513 561 569 593 282 44 16 4 5 21
1580 1800 32
5
305 314 302 299 317
646 1800 170
17
351 369 373 665 638 610 598 601 621 645 841 104 105 36 37 183 893
674 1800 165
15
355 373 665 638 610 598 601 621 645 841 104 80 81 111 174
212 1800 234
10
352 353 371 395 815 338 326 322 310 311
1027 1800 113
4
304 305 314 302
1123 1800 99
13
373 663 689 701 484 464 456 459 238 206 194 197 221
919 1800 129
7
306 303 371 393 392 389 340
659 1800 168
6
397 526 523 502 505 430
1592 1800 30
5
400 401 548 549 555
1 1800 265
15
402 399 659 692 693 642 624 621 645 841 104 80 81 111 174
1254 1800 80
5
660 376 370 352 349
968 1800 122
4
814 811 396 364
472 1800 195
3
381 699 806
519 1800 188
13
608 596 601 621 645 841 104 105 36 12 2 5 21
1322 1800 70
3
610 598 595
26 1800 261
14
663 691 705 735 492 474 469 497 432 232 229 743 444 424
81 1800 253
13
689 701 484 464 456 459 238 241 234 204 199 223 741
374 1800 210
9
638 610 598 601 621 645 841 772 284
1446 1800 52
14
701 729 735 492 474 469 497 432 232 229 743 444 441 440
1134 1800 98
6
694 664 374 370 365 314
808 1800 146
9
704 690 664 374 370 352 349 361 391
695 1800 162
3
737 576 516
1364 1800 64
4
564 567 585 778
697 1800 162
18
601 623 580 564 560 520 521 244 212 196 191 199 225 743 444 441 440 437
300 1800 221
6
603 625 669 722 723 726
405 1800 205
5
609 637 384 381 697
626 1800 173
6
615 604 607 378 381 697
1385 1800 61
6
621 645 652 647 669 722
374 1800 210
9
624 621 645 652 647 669 722 723 871
122 1800 247
9
645 652 647 669 722 723 726 718 90
933 1800 127
11
651 646 622 623 580 581 737 740 494 468 456
18 1800 262
7
653 882 876 776 773 28 18
1303 1800 73
7
626 604 607 378 358 348 353
1165 1800 93
5
687 859 846 838 722
336 1800 215
4
709 714 276 266
242 1800 229
9
804 678 630 606 596 601 621 645 841
1133 1800 98
12
646 622 623 580 581 737 576 516 512 509 240 241
359 1800 212
9
838 722 94 68 56 61 34 37 176
225 1800 232
7
857 840 650 651 843 883 887
557 1800 183
9
840 98 70 58 61 34 37 176 166
1283 1800 76
15
846 838 722 94 68 56 61 34 37 176 136 124 116 119 131
495 1800 192
15
844 646 622 602 597 609 637 666 374 370 352 353 371 395 815
1202 1800 88
6
882 876 776 284 46 42
1300 1800 73
10
658 653 882 844 652 647 669 722 723 726
1353 1800 65
8
97 650 618 615 604 607 378 358
571 1800 181
12
721 670 648 651 646 622 623 580 581 737 740 494
1424 1800 55
6
722 723 871 873 879 824
603 1800 176
6
98 70 71 105 28 18
1322 1800 70
4
772 775 877 891
1166 1800 93
3
776 284 46
1539 1800 38
16
836 833 874 746 720 717 96 68 56 61 34 12 2 5 21 51
1263 1800 79
11
33 62 55 67 95 718 719 745 873 834 830
386 1800 208
17
57 69 97 650 618 615 627 632 629 673 790 786 784 340 336 326 327
344 1800 214
7
58 59 77 83 452 448 445
1567 1800 34
14
60 57 69 97 650 651 646 622 623 580 581 737 740 486
23 1800 261
5
79 105 28 25 46
1187 1800 90
8
78 75 113 176 166 163 144 128
461 1800 197
6
68 56 59 75 111 174
1309 1800 72
7
105 36 37 176 136 124 116
916 1800 130
5
76 60 55 67 95
1480 1800 47
4
30 10 7 25
1135 1800 98
9
106 72 69 101 723 871 873 834 835
844 1800 140
6
156 153 163 144 128 125
1599 1800 29
5
170 167 171 179 108
1277 1800 77
16
159 173 112 76 60 57 69 97 650 618 615 627 632 629 677 803
1024 1800 114
5
163 144 128 125 129
809 1800 146
4
136 137 32 24
186 1800 237
6
184 176 166 163 144 128
1039 1800 112
6
896 184 114 111 174 170
1112 1800 101
12
557 316 313 306 307 811 815 338 326 322 310 311
1373 1800 62
4
318 300 292 289
1164 1800 93
4
471 503 434 418
584 1800 179
5
466 467 495 516 513
1404 1800 58
13
501 531 543 551 659 692 664 380 381 699 796 797 802
714 1800 160
3
529 434 418
1124 1800 99
8
502 505 430 414 404 407 421 437
349 1800 213
20
537 547 402 399 659 692 693 642 624 621 645 652 647 669 722 723 726 718 90 87
777 1800 150
13
504 501 531 543 551 659 692 693 642 624 621 645 652
633 1800 172
5
543 536 533 549 555
305 1800 220
9
538 528 523 502 505 430 414 415 236
200 1800 235
7
551 659 692 693 696 638 610
1442 1800 52
13
735 488 485 739 576 516 513 561 569 593 282 44 42
1130 1800 98
6
492 474 469 497 432 236
936 1800 127
11
457 473 489 524 527 539 557 316 298 288 289
722 1800 158
9
465 489 524 527 539 557 316 298 288
620 1800 173
6
462 455 463 483 702 690
150 1800 243
13
483 702 690 664 380 381 699 796 797 802 799 680 683
366 1800 211
5
468 456 459 238 206
125 1800 246
11
513 561 569 593 282 44 16 4 5 21 51
1146 1800 96
15
516 513 561 569 593 282 44 16 4 5 21 53 122 116 119
127 1800 246
7
484 485 739 576 566 567 585
971 1800 122
12
739 738 582 579 624 621 645 652 649 98 70 58
1263 1800 79
9
738 582 579 624 621 645 652 649 839
357 1800 212
13
281 594 570 562 514 515 575 740 486 483 702 690 664
1126 1800 99
5
561 573 585 778 286
1343 1800 67
7
560 561 569 593 282 44 42
150 1800 243
11
587 658 653 882 844 652 647 667 829 833 879
867 1800 137
4
593 282 44 16
328 1800 216
3
282 44 42
304 1800 220
16
777 586 568 565 496 468 465 489 524 527 539 557 316 298 288 289
1065 1800 108
6
710 640 637 666 374 370
1560 1800 35
6
861 865 728 252 248 222
497 1800 192
8
887 780 777 586 568 565 496 468
167 1800 240
8
780 777 586 574 562 520 508 478
827 1800 143
14
586 574 562 520 521 244 212 196 191 199 225 743 444 424
1413 1800 57
10
45 283 771 100 101 721 837 845 868 869
262 1800 226
7
878 776 773 36 37 183 895
494 1800 192
13
892 890 887 780 777 586 574 562 520 521 250 248 222
71 1800 254
3
3 15 43
528 1800 187
11
11 35 106 103 842 646 622 602 597 609 637
751 1800 154
8
4 5 21 53 122 116 119 131
1452 1800 51
9
6 1 11 33 62 55 67 95 718
1430 1800 54
7
27 106 80 62 55 67 95
1075 1800 106
9
22 23 29 114 76 77 83 452 448
1123 1800 99
15
115 123 135 175 38 33 62 55 67 93 721 837 845 868 869
179 1800 238
6
123 135 162 155 167 171
1075 1800 106
7
127 143 164 154 155 167 171
1468 1800 48
4
122 116 119 129
1099 1800 103
4
135 175 183 893
15 1800 263
11
143 164 165 175 38 33 62 55 67 95 718
1108 1800 101
23
164 165 175 38 35 106 103 842 646 622 602 597 609 637 666 374 370 352 353 304 294 288 289
1214 1800 86
7
178 164 165 175 114 76 77
637 1800 171
5
134 122 116 119 129
632 1800 172
5
202 203 233 242 239
749 1800 154
11
405 417 433 530 525 398 368 352 353 371 395
1362 1800 64
9
415 236 208 209 243 522 519 561 571
247 1800 228
16
417 433 530 525 398 368 352 353 371 395 815 338 326 322 310 311
1261 1800 79
6
228 202 203 233 242 239
1126 1800 99
5
414 411 425 443 782
1183 1800 90
5
431 498 470 473 491
1438 1800 53
4
418 406 403 415
1240 1800 82
24
420 417 433 504 472 458 461 479 513 561 569 593 282 44 16 4 5 21 53 122 116 119 131 151
678 1800 165
15
470 473 491 736 706 692 664 380 381 699 796 797 802 799 680
1200 1800 88
18
498 470 473 491 736 706 692 693 642 624 621 645 652 647 669 722 94 68
8 1800 264
7
506 501 524 527 539 557 316
278 1800 224
24
436 433 504 501 531 543 551 659 692 664 380 381 699 796 797 802 799 680 683 817 827 822 760 752
272 1800 225
7
195 211 243 577 276 266 40
596 1800 177
7
199 225 743 444 441 440 437
198 1800 236
19
211 243 522 519 559 563 579 624 621 645 652 647 669 722 723 726 718 90 91
110 1800 249
15
233 242 237 460 455 463 483 702 690 664 380 381 697 794 791
1089 1800 104
8
237 460 457 473 489 524 527 539
937 1800 127
14
243 522 519 561 569 593 282 44 16 4 5 21 51 48
1364 1800 64
5
238 206 194 195 215
1404 1800 58
4
478 460 457 471
1342 1800 67
11
240 241 234 204 199 225 743 444 441 440 437
1391 1800 60
4
242 206 209 243
923 1800 129
14
249 522 519 561 569 593 282 44 16 4 5 21 53 122
491 1800 192
8
263 271 44 16 4 5 21 51
516 1800 189
4
269 728 252 216
1345 1800 67
11
271 44 45 26 27 106 80 81 111 174 170
1495 1800 44
18
275 578 244 210 205 237 460 455 463 483 702 690 664 380 381 697 794 791
991 1800 119
6
508 478 460 457 473 489
785 1800 149
10
522 519 559 563 583 658 653 882 876 776
509 1800 190
11
572 562 520 521 244 212 196 191 199 225 743
787 1800 149
18
578 244 210 205 237 460 455 463 483 702 690 664 380 381 697 794 786 784
1259 1800 79
12
716 590 591 778 779 888 884 844 652 647 669 722
1249 1800 81
8
280 275 578 244 210 205 241 518
1420 1800 56
12
126 127 143 164 154 155 167 171 181 187 445 449
1526 1800 40
8
130 126 127 143 164 154 155 167
705 1800 161
27
438 439 442 443 744 226 200 192 195 211 243 522 519 561 569 593 282 44 16 4 5 21 53 122 116 119 131
809 1800 146
8
408 405 417 433 530 527 537 547
338 1800 215
8
439 442 443 782 742 260 220 221
1154 1800 95
22
443 744 226 200 192 195 211 243 522 519 561 573 585 778 286 26 8 9 31 138 139 142
1550 1800 36
16
230 231 431 498 470 473 491 736 706 692 664 380 381 699 796 674
786 1800 149
11
765 742 260 220 221 247 249 577 276 266 40
979 1800 121
3
442 443 744
1414 1800 56
20
742 260 220 221 247 249 522 519 559 563 579 624 621 645 652 649 98 70 58 59
164 1800 241
4
782 742 260 257
1365 1800 64
5
198 193 207 235 416
89 1800 252
6
225 743 444 441 440 437
340 1800 215
15
247 249 522 519 561 569 593 282 44 16 4 5 21 51 148
457 1800 197
21
218 198 193 205 237 460 455 463 483 702 690 664 374 370 352 353 371 395 815 338 326
859 1800 138
5
259 741 781 444 424
448 1800 199
20
260 220 221 247 249 522 519 559 563 583 658 653 882 876 776 773 36 37 183 895
1077 1800 106
5
258 259 224 200 203
1520 1800 41
7
256 218 221 247 249 577 713
368 1800 211
11
865 278 279 768 769 779 886 644 614 615 627
86 1800 252
4
52 22 6 1
1180 1800 91
8
132 120 115 123 135 175 183 893
1587 1800 31
21
50 47 52 22 6 1 11 35 106 103 842 646 622 602 597 609 637 384 381 697 388
532 1800 186
17
152 132 120 115 123 135 175 38 35 774 775 875 881 654 657 584 581
2646 3600 328
11
328 325 337 816 812 308 294 297 315 320 317
1827 3600 609
5
312 309 323 331 341
3367 3600 80
9
309 321 325 337 816 396 364 350 351
3050 3600 189
10
321 325 335 339 783 785 789 674 630 606
3167 3600 148
8
325 337 816 812 308 294 288 289
2243 3600 466
11
329 339 390 362 350 351 367 401 548 549 555
2586 3600 348
17
335 339 783 785 789 674 630 631 628 616 617 649 98 70 71 105 28
1818 3600 612
7
339 390 391 394 372 304 294
3037 3600 193
8
341 808 802 799 809 756 750 454
3179 3600 144
6
345 784 390 391 394 395
2469 3600 389
9
676 630 631 628 616 613 643 885 780
1942 3600 570
7
798 795 700 382 383 695 707
2289 3600 450
5
342 332 324 321 327
2780 3600 282
4
634 606 596 597
2678 3600 317
9
755 810 800 801 798 795 700 382 383
2699 3600 309
13
809 756 750 454 92 86 78 75 113 30 24 21 51
2477 3600 386
7
756 750 454 92 86 78 75
2381 3600 419
10
672 628 616 613 643 654 655 592 589 715
3183 3600 143
10
827 831 833 874 872 724 102 99 772 284
3121 3600 164
12
854 851 859 846 838 722 94 68 63 78 75 111
2790 3600 278
8
870 867 846 838 722 723 871 746
3278 3600 110
3
751 757 748
2394 3600 414
22
759 821 828 818 684 679 800 801 798 795 700 382 379 663 691 660 552 536 526 529 434 435
2365 3600 424
21
821 828 818 684 679 800 801 798 795 700 382 379 663 691 660 552 536 526 529 434 435
2756 3600 290
4
828 818 684 679
2081 3600 522
4
824 760 752 454
2042 3600 535
10
92 89 717 725 724 102 97 839 858 712
2961 3600 219
12
88 89 717 725 724 721 670 626 604 607 378 381
2758 3600 289
21
290 291 301 313 366 369 373 665 638 610 598 599 617 649 98 101 723 726 718 90 87
2155 3600 497
4
350 351 367 399
3017 3600 200
15
387 698 382 383 695 707 733 494 482 462 459 238 206 194 195
2283 3600 453
15
362 350 347 357 377 608 596 599 617 649 98 70 58 59 73
1945 3600 569
13
393 392 389 783 785 789 797 802 799 809 756 750 454
2261 3600 460
12
783 785 789 797 802 799 680 683 817 827 822 760
3318 3600 97
20
785 793 698 382 383 695 707 733 494 482 462 459 238 206 194 195 215 251 727 866
3241 3600 123
8
394 372 304 294 297 315 320 317
2928 3600 231
22
396 364 350 347 357 377 608 596 599 617 649 98 70 58 59 75 113 30 24 21 51 148
2117 3600 510
8
816 812 308 294 297 315 320 317
3357 3600 83
7
630 606 596 601 619 655 592
3153 3600 153
4
382 377 635 687
2940 3600 227
7
793 698 382 383 695 707 731
3159 3600 151
11
700 382 379 663 691 660 400 401 548 549 555
2686 3600 314
7
698 382 383 695 707 704 701
2613 3600 339
3
606 596 597
1975 3600 558
15
628 616 613 643 654 657 584 564 560 520 521 250 216 196 191
3377 3600 76
15
805 700 382 379 663 691 660 552 536 526 529 434 418 406 407
2258 3600 461
13
829 833 874 746 720 717 96 68 63 78 75 113 30
1918 3600 578
7
851 859 846 838 722 723 726
2733 3600 298
10
867 846 838 722 102 70 71 105 28 18
2500 3600 378
5
719 745 873 834 830
2536 3600 366
16
745 872 724 721 670 626 616 613 622 623 641 694 691 660 552 536
3105 3600 170
11
833 874 746 720 717 96 68 63 78 75 111
3105 3600 170
8
726 96 68 63 78 75 113 30
3212 3600 133
7
872 724 102 99 772 284 46
3098 3600 172
13
879 824 821 828 818 684 679 800 801 807 342 343 345
2947 3600 224
4
86 78 73 107
3208 3600 134
19
74 60 57 69 97 650 618 613 643 654 657 584 564 560 520 508 509 240 241
2532 3600 367
8
96 68 63 78 75 113 183 893
2410 3600 409
19
179 108 74 60 57 69 97 650 618 613 643 654 657 584 581 732 733 494 482
2249 3600 464
5
108 74 77 85 91
2641 3600 329
3
182 172 168
2859 3600 254
11
190 182 172 158 153 163 144 128 125 131 151
2657 3600 324
3
452 448 445
1927 3600 575
6
894 184 114 111 174 170
3302 3600 102
11
287 293 303 354 347 357 377 608 603 625 669
2011 3600 546
19
297 315 558 540 528 523 490 466 467 495 566 567 585 778 286 26 8 9 24
2382 3600 418
20
301 313 366 369 373 665 638 610 598 599 617 649 98 70 58 59 75 113 176 166
3247 3600 121
19
313 366 369 373 665 638 610 598 599 617 649 98 70 58 59 75 113 176 136
1825 3600 610
6
317 542 434 418 406 409
2399 3600 413
9
316 313 306 307 811 815 338 326 327
3214 3600 132
4
294 297 315 558
1854 3600 600
5
348 353 304 294 288
3016 3600 200
7
369 356 357 377 608 605 631
2980 3600 213
4
304 294 297 315
2917 3600 234
6
356 359 385 346 334 324
2598 3600 344
4
306 307 811 815
2231 3600 470
21
397 535 544 545 488 485 739 576 566 567 585 778 286 26 8 9 24 21 51 48 49
3395 3600 70
12
659 692 693 642 624 602 599 617 647 667 829 835
1870 3600 595
13
402 399 659 692 693 642 624 602 599 617 649 98 101
2409 3600 409
8
660 400 368 365 314 302 292 289
2879 3600 248
6
308 294 297 315 320 317
2691 3600 312
5
814 308 294 288 289
2658 3600 324
11
377 608 596 599 617 649 98 70 71 105 28
3218 3600 131
5
378 358 348 353 304
3269 3600 113
5
637 384 358 359 385
2403 3600 411
6
374 370 365 306 307 813
2656 3600 324
4
689 703 733 739
2727 3600 300
15
695 707 733 494 482 462 459 238 206 194 195 215 251 727 270
3301 3600 102
7
701 729 554 536 533 549 555
2238 3600 468
4
696 384 381 697
1932 3600 573
4
708 696 384 381
2334 3600 435
13
732 708 696 384 358 348 349 363 395 815 338 326 327
3130 3600 161
10
583 658 653 882 876 776 773 36 37 183
3279 3600 110
6
599 617 649 98 101 723
2008 3600 547
6
605 631 671 817 827 822
2149 3600 499
12
598 599 617 649 98 70 58 59 75 113 183 893
2761 3600 288
15
613 643 654 657 584 564 560 520 521 250 248 222 219 259 741
2768 3600 286
11
602 599 617 649 98 101 723 726 718 90 91
3314 3600 98
7
616 613 643 882 876 776 284
3054 3600 187
10
624 602 599 617 649 98 101 723 726 718
2600 3600 343
6
643 654 657 584 581 732
3315 3600 98
13
618 600 597 609 637 666 374 370 365 314 302 292 289
3137 3600 159
12
653 882 876 776 773 36 37 176 136 124 116 119
2383 3600 418
16
626 616 613 643 654 657 584 564 560 520 521 250 248 222 217 255
1918 3600 578
10
687 859 846 838 722 723 871 873 834 835
2129 3600 506
9
711 857 840 98 70 58 61 34 12
1836 3600 606
10
804 805 700 382 358 348 353 304 307 813
2986 3600 211
5
652 647 667 829 833
2349 3600 430
3
845 860 852
1991 3600 553
7
712 640 637 384 381 699 806
2490 3600 381
13
859 846 838 722 94 68 63 78 75 113 176 166 163
2863 3600 253
5
858 712 640 637 695
2941 3600 226
5
846 838 722 723 726
2108 3600 513
8
844 652 649 98 101 723 726 718
2839 3600 261
5
654 655 592 589 715
2975 3600 214
6
584 579 641 696 384 358
2600 3600 343
7
70 58 59 75 111 174 160
3294 3600 105
7
721 670 626 627 632 629 673
3168 3600 148
10
771 100 101 723 871 873 879 824 821 828
2592 3600 346
5
837 847 858 855 861
2452 3600 394
6
98 99 772 284 46 42
3084 3600 177
5
100 101 723 871 746
3063 3600 184
3
776 773 36
3341 3600 89
8
836 830 668 648 651 843 876 877
3159 3600 151
4
37 176 136 124
3399 3600 69
6
59 73 107 180 172 168
2729 3600 299
7
67 93 102 99 772 775 877
1916 3600 579
6
71 105 28 18 15 42
3064 3600 184
4
34 12 2 3
2520 3600 371
9
64 67 93 102 97 650 651 843 883
2005 3600 548
3
93 102 99
3279 3600 110
9
105 28 8 9 24 21 51 48 49
2283 3600 453
5
82 79 105 774 775
2493 3600 380
4
30 10 2 3
3102 3600 171
4
36 37 183 893
3361 3600 82
12
169 173 112 82 79 103 842 646 622 623 641 694
2923 3600 232
17
173 112 82 79 103 842 843 881 654 657 584 564 560 520 521 250 216
2373 3600 422
5
112 113 30 24 21
2114 3600 511
3
161 136 137
2312 3600 443
15
154 159 173 112 76 77 64 67 95 718 719 745 873 834 835
3360 3600 82
3
175 183 893
3058 3600 186
14
184 38 35 774 775 875 881 654 657 584 581 732 733 494
2070 3600 526
18
896 184 38 35 774 775 875 881 654 657 584 564 560 520 521 250 216 196
3120 3600 165
3
555 318 300
2252 3600 463
4
318 300 292 289
2441 3600 398
8
458 461 481 493 739 738 582 583
2388 3600 416
6
503 541 318 300 301 298
3017 3600 200
5
525 398 368 365 306
2035 3600 538
12
524 525 398 368 365 306 307 811 815 338 326 327
2388 3600 416
15
535 553 730 702 703 731 582 583 658 620 602 595 605 631 671
2699 3600 309
7
528 523 490 491 488 485 739
2138 3600 502
14
530 525 535 553 730 702 703 731 582 583 658 620 602 595
2772 3600 284
13
532 490 474 458 459 238 206 194 195 215 251 727 270
2556 3600 359
5
536 398 368 365 306
2490 3600 381
8
730 702 703 708 696 384 381 699
2388 3600 416
5
488 485 494 482 479
1923 3600 576
4
457 471 503 541
2865 3600 252
6
465 474 471 503 434 435
3008 3600 203
7
481 495 566 567 585 778 286
3013 3600 201
6
487 492 474 469 497 432
2802 3600 274
14
493 734 708 696 384 358 348 349 363 395 815 338 326 327
2119 3600 509
9
515 575 740 734 708 696 384 358 348
3309 3600 100
9
516 512 509 240 241 234 204 199 225
2655 3600 325
10
729 554 536 533 549 555 318 300 292 289
2831 3600 264
10
739 738 582 583 658 620 602 595 605 631
2827 3600 265
8
576 566 567 585 778 286 46 42
2163 3600 494
5
281 594 570 562 520
2200 3600 481
10
559 567 585 778 286 26 8 9 24 21
2043 3600 535
3
565 496 482
3244 3600 122
11
573 568 565 575 740 734 708 696 384 381 699
2042 3600 535
9
587 658 653 644 614 617 649 98 70
2930 3600 230
6
591 778 286 26 8 2
3167 3600 148
12
769 779 886 644 614 617 647 669 837 845 860 852
2368 3600 423
7
777 586 568 565 575 740 486
2055 3600 531
5
710 640 637 695 694
2990 3600 209
4
856 857 840 98
3304 3600 101
9
887 780 286 26 8 9 24 21 51
1862 3600 597
6
780 770 767 280 277 866
2868 3600 251
11
586 568 565 575 740 734 708 696 384 358 359
2301 3600 446
9
45 26 8 9 29 114 76 77 83
3008 3600 203
6
26 8 9 24 21 51
2922 3600 233
9
878 776 771 100 101 721 837 845 868
2205 3600 479
8
892 878 776 773 36 37 183 893
3279 3600 110
9
1 9 29 114 76 73 107 180 172
3036 3600 194
3
9 24 21
2402 3600 412
9
23 29 114 76 77 83 452 448 445
2151 3600 498
7
27 106 72 69 101 723 871
2319 3600 440
7
29 114 76 77 64 67 93
3020 3600 199
8
22 6 3 17 25 285 779 888
2641 3600 329
7
115 121 54 22 6 3 15
3229 3600 127
6
123 135 162 157 171 179
2619 3600 337
5
122 116 119 129 145
2526 3600 369
11
135 175 114 76 77 64 67 95 718 719 747
2936 3600 228
9
143 164 154 159 173 112 76 77 85
1844 3600 604
11
164 154 159 173 112 76 77 64 67 95 725
2832 3600 264
18
140 137 32 10 7 25 285 777 586 568 565 496 468 465 489 524 527 537
2913 3600 236
8
138 135 162 157 171 181 189 451
2021 3600 543
6
405 417 433 530 527 539
1856 3600 599
24
413 429 506 472 458 461 481 493 739 738 582 583 658 653 644 614 617 649 98 101 723 726 718 90
2653 3600 325
6
417 433 530 527 539 557
2049 3600 533
10
228 202 192 195 215 251 727 270 262 40
2969 3600 217
19
429 506 472 458 461 481 495 566 567 585 778 286 26 8 9 24 21 51 48
2626 3600 335
5
431 498 470 458 455
2193 3600 483
22
433 530 525 535 553 730 702 703 731 582 583 658 620 602 595 605 631 671 817 827 822 760
1959 3600 564
5
420 406 403 415 236
2694 3600 311
8
499 506 503 541 318 300 292 289
1926 3600 575
7
517 242 206 194 197 217 255
3259 3600 117
7
506 503 530 525 398 368 352
2051 3600 532
21
436 433 530 525 535 553 730 702 703 731 582 583 658 653 644 614 617 649 98 70 58
1978 3600 557
5
193 205 237 460 461
3241 3600 123
16
192 195 215 251 716 590 591 778 286 26 8 9 24 21 51 148
2953 3600 222
4
205 237 460 455
2514 3600 373
15
215 251 716 590 591 778 286 26 8 9 31 138 139 142 128
3328 3600 93
20
233 242 239 510 511 515 575 738 582 583 658 653 644 614 617 649 98 101 723 726
2830 3600 264
7
206 209 243 577 276 266 40
3144 3600 156
19
243 522 519 559 563 583 658 653 644 614 617 649 98 70 58 59 73 107 180
2946 3600 224
8
238 206 194 195 215 251 727 866
2749 3600 292
15
511 515 575 738 582 583 658 653 644 614 617 647 667 829 833
2517 3600 372
4
240 241 518 428
2124 3600 507
6
242 206 194 197 217 255
1945 3600 569
11
251 716 590 591 656 620 602 595 605 629 675
2928 3600 231
20
263 273 768 594 570 573 568 565 575 740 734 708 696 384 358 359 385 346 334 324
1849 3600 602
4
273 768 594 570
3018 3600 200
8
275 578 244 210 205 237 460 455
2450 3600 395
11
519 559 567 585 778 286 26 8 9 24 21
2520 3600 371
16
244 210 205 237 460 461 481 493 734 708 696 384 358 359 385 784
2006 3600 548
13
572 573 587 658 620 602 595 605 631 671 817 827 822
2621 3600 336
6
716 590 591 656 653 644
2742 3600 295
3
270 262 40
3339 3600 89
3
274 264 40
2361 3600 426
9
39 265 275 578 250 248 222 219 259
3146 3600 156
3
126 127 141
2513 3600 373
10
147 52 22 6 3 15 43 281 594 591
3017 3600 200
9
438 439 442 443 744 226 200 203 208
2322 3600 439
6
423 443 782 742 260 220
1823 3600 611
11
422 408 403 413 429 506 501 531 543 553 706
3380 3600 75
11
426 412 413 429 506 503 541 318 300 292 289
2733 3600 298
17
226 200 192 195 215 251 716 590 591 778 286 26 8 9 29 183 893
2908 3600 238
20
762 258 220 221 214 215 251 716 590 591 778 286 26 8 9 24 21 51 48 49
2803 3600 274
12
442 426 412 413 429 506 503 541 318 300 292 289
2630 3600 333
4
766 763 440 437
2368 3600 423
14
221 214 215 251 716 590 591 778 286 26 8 9 29 183
2047 3600 534
25
200 203 233 242 239 510 511 515 575 738 582 583 658 653 644 614 617 649 98 101 723 726 718 90 91
2435 3600 400
7
222 219 259 741 781 444 424
2119 3600 509
14
218 198 193 205 237 460 461 481 493 734 708 696 384 377
2274 3600 456
19
259 224 200 201 227 412 413 429 506 501 531 543 551 376 356 359 385 346 334
2097 3600 517
6
224 200 203 233 242 237
2014 3600 545
19
258 220 221 214 215 251 716 713 710 711 857 840 98 101 723 726 718 90 91
2062 3600 529
7
256 218 198 191 201 227 410
2374 3600 421
16
865 278 279 768 769 779 886 644 614 617 647 667 829 833 879 820
2515 3600 373
17
47 52 22 6 3 15 43 281 594 570 562 514 480 462 457 471 503
3195 3600 139
8
52 22 6 3 17 25 285 779
2217 3600 475
6
132 120 115 121 54 22
2892 3600 243
12
50 47 52 22 23 29 114 76 77 64 67 95
3042 3600 191
4
152 149 50 47
